6.54599463585
5.99846346122
9.82700646904
6.76983029265
6.66968869598
5.8259795176
6.40027456687
6.54936019884
3.70857794262
9.81052121416
6.21198519838
7.49898483866
6.29080451352
7.0178480155
6.04003013617
5.28577866291
6.10843373494
6.90503084163
6.49638777473
6.37677693037
5.44751567451
5.44658040143
6.80514916894
5.12097698226
8.04794904663
6.30640271401
6.94932594106
6.17316977835
6.04829442726
6.88872587949
6.50182839942
6.58450927448
6.58074121742
6.68716660107
10.8063226344
6.48862450052
6.58449934285
6.13662462717
6.64097865671
5.31037829626
6.42962782022
7.8949931417
3.66093601347
7.8094482455
5.32088027524
6.26656913288
6.47909099639
6.60586667623
5.88564317387
6.10697700076
6.52253841078
5.47207459162
5.92645203933
5.52669796431
6.50697296565
6.42106781774
3.59499288668
13.8362583525
5.33822638873
7.05995376442
7.3639356594
5.44965099618
5.05631771582
8.3215129606
6.48766908009
9.12765038048
9.30054183517
5.66473886662
4.0199094091
6.28482338793
6.20266006105
5.62688232013
4.76614422334
6.58097866272
2.53739941478
6.5451752961
6.49088189032
5.31177426374
5.74772316579
6.69981984603
6.65498071999
5.29813917018
6.16792867339
7.4808677918
10.5003347983
6.17065048886
9.25206010172
6.5245090385
6.92546315747
4.49316636852
6.75272390728
5.87600230404
4.59093843379
6.42097572775
4.66015481017
6.50264772632
6.47346067019
6.70235915963
5.7420933578
6.61630824904
